8.315542827491226419e+00
4.687913797403192584e-02
6.626273947271712927e+00
-2.218426409512773034e+00
2.042038399713383079e+00
3.604291971598468702e+00
8.494790245766148828e+00
1.148381516767573274e+00
1.632689393503391262e+00
-5.526531573390962571e+00
1.224879642150511039e+00
-7.525781087077503706e+00
-1.427795861295562130e+00
-4.964590765874169698e+00
-7.990594891636120245e+00
-4.405222724774480181e-01
3.894020159499369527e+00
-3.692530807121252145e+00
-8.362130528717139910e-01
8.931535949972092325e+00
2.477096677484932119e+00
2.731196657704598518e+00
4.154112127704888913e+00
1.033276374844694345e+01
3.333778360748752334e+00
-1.129547376778005319e+00
-4.393633136540709749e+00
-8.233605569108858546e+00
5.848252283248923433e+00
4.316668693707028659e+00
-1.887582062648773373e+00
-9.589828435829290676e-01
1.410402909226864399e+00
1.078758811504828508e+01
-8.689599710115915698e+00
-2.585668977270889624e+00
3.830473936438982818e+00
-7.863022133616876630e+00
1.042305541605301578e+01
1.036318486827403973e+01
-6.876389518195938244e+00
3.035782546209875754e+00
8.199708861045978736e+00
-1.556496697696684306e+00
-9.789819113493074543e-01
4.516982169214418086e+00
-2.647400889973428928e+00
-6.731424882602421000e+00
-5.683541080228088127e+00
-1.208849461705690631e+00
2.780033750660987124e+00
1.055595433113441040e+01
2.498973209770451565e+00
9.370364863836584846e+00
-4.461933453350172663e+00
-8.242939074589556991e-01
3.802421686156601144e+00
2.436835556492817023e+00
9.767170299729484029e+00
1.677083679734620025e+00
1.002506402804965724e+01
5.100784325357491378e-01
3.315818252825751600e+00
1.034023817846130200e+01
4.242894152000555863e+00
1.021288389696952059e+01
1.050391632545503029e+01
9.782710463325374306e+00
-8.380396424535019761e+00
2.855019413922264881e+00
9.542178051077902623e+00
1.770072743231249301e+00
-2.070622130832690200e+00
3.872239287321067369e+00
3.723787565207480554e+00
-7.451570150036748608e+00
-2.179023336804891686e-01
9.864138859921377289e+00
1.083332665015667828e+01
3.575811651228848032e+00
-1.357190163036177788e+00
1.624091559141287666e+00
-5.254710228323663301e+00
3.960087114048225221e+00
3.384269100187175638e+00
-2.108110883780068556e-01
-2.338847254996084257e-01
-8.470165922334643938e+00
2.828284170770785533e+00
-7.513142336370125740e+00
1.003794187907288560e+01
9.766113405367168099e+00
3.235736010617135783e+00
5.247397941763791707e+00
-1.572507338131389210e+00
-8.985058852446770050e-01
1.041333059980980913e+01
-3.197471146061750424e+00
2.492412747918092197e+00
-2.708911098888778568e+00
4.775311889084913552e+00
3.692228510613677073e-01
-2.628342779814261565e+00
2.629429222402011046e-01
1.014322935688192295e+01
-1.919469674100011902e+00
-2.379551520112895613e+00
-5.466946706881186557e+00
-5.535280608007242087e+00
6.484927641535007226e+00
-1.038551980228174187e+00
-8.493342296477494058e-01
2.162117718488317131e+00
-6.511639952447537683e-01
9.062337196502738834e+00
2.076086054091117905e+00
-7.528048345296880939e+00
-7.357914592526650921e-01
4.269738604077891964e+00
4.347877971727275970e+00
-1.827225077531190900e+00
-2.325170508768085453e-01
-8.531064714473678423e-01
-4.632231316686358902e+00
-4.327631926440117738e+00
6.948965270499034563e-01
1.027404960500845732e+01
-8.116999786682953522e-01
7.790356717133566811e+00
8.625615657048159690e+00
9.066086109468454168e+00
1.135253205691098888e+00
-2.673460232668184444e-01
-2.175565482576962140e+00
-2.438564283025875579e+00
-8.168769529661663142e+00
3.271238142530759507e+00
-4.859382202488476743e+00
8.357402316790576435e+00
-4.300084483271858771e-01
-4.731442046110783117e-01
-2.973733156140736522e+00
6.280272819005596752e+00
4.124146686708159315e+00
7.805347356837777362e-01
5.453100556651639508e+00
3.995468197492971552e+00
-4.676154782131550780e-01
3.374127066710614020e+00
1.347990760736340832e+00
1.009976685336962454e+01
8.897319883915828509e-01
2.515208548665645250e+00
-1.348223457411626525e+00
-8.040670651006179170e+00
2.364534189321074453e-01
1.009853098202041188e+01
4.332541759129794556e+00
-1.921074490555543024e+00
1.885741376238807554e+00
1.000262955857718161e+01
8.920707183819281738e+00
-3.163252074081515985e+00
-5.779545365708409044e+00
4.496394874047689783e+00
8.551145846195781886e+00
3.021477562629685920e+00
2.810512781684351591e+00
3.049112131341161103e+00
1.001611968465282665e+01
1.753289994791976891e+00
-1.857141790525264735e+00
3.920227636522131576e+00
3.995613848350971331e+00
-1.787212553549742955e+00
3.551167105125911938e-01
1.034108673409454937e+01
9.704001014959969140e+00
2.685980043403466855e+00
-2.368773732222653194e+00
8.562669306921662837e+00
-6.162834455377312892e+00
-8.834024917993673398e+00
4.868709298064911373e+00
3.188244133495069299e+00
-1.806720010414545774e+00
-2.080815497001395897e+00
-7.848379128285189132e+00
-2.042955533667342838e+00
-1.258218675573965273e+00
1.087597345482278932e+00
1.221762387001418482e+00
1.457791268614591740e+00
2.682435608649222036e+00
6.287205715618773283e-01
4.595383516648527955e-01
1.025954888184173619e+01
-5.294562434207695789e-01
-5.970696929597366420e+00
-2.123125913326954883e+00
9.958483562251782217e+00
2.703506364741369961e+00
1.024532820137507017e+00
-8.546423305209685850e+00
1.191074939437236635e-01
-6.690654587935389586e+00
-7.533486146176460174e+00
-1.722489568393812620e+00
5.640337995282821204e+00
-1.899279729009374362e+00
3.242795931296659884e+00
-2.044834809809269460e-01
1.125862204222244367e-01
1.445387975497310240e+00
-2.671693607911632018e+00
-1.127974169520992831e+00
4.055742642945151744e+00
9.960369263868134482e+00
4.093951777599533770e+00
-8.781192819274602712e+00
-1.293326277725559859e+00
5.393216447430725147e+00
4.410378690842034821e+00
-1.267562413177793834e+00
1.053470265854200560e+00
-8.707618074494636318e+00
-3.825724215524385352e-01
-5.429130980443019006e+00
-2.395591888846653639e+00
-3.518201361378792136e+00
-9.116265630707567347e-01
-4.193140427877081855e+00
-2.286967462851858368e+00
-7.137949049316305583e-01
-7.888523594511952730e+00
-7.613798756766088083e+00
-6.610230784362441270e+00
-1.807755971955434582e+00
-7.933844683517238039e+00
3.548015886503994576e-01
8.625266201509001363e+00
-8.717960325361833185e+00
1.012675026620571472e+01
1.026797149315310742e+00
-8.117874523650202789e+00
3.998827229322168275e+00
-2.474432338272560816e+00
6.113687110387798107e+00
9.586309531788160143e+00
4.552991764874680491e+00
-4.324638339431475131e+00
4.918112529236638997e-01
8.962304248882398738e+00
4.444860948496404340e+00
-7.565094106488107428e+00
5.047366033800647855e+00
-6.580944691070141239e+00
1.530390459465677644e+00
-7.295706043104559058e+00
3.755954424036175077e+00
-1.348279484195896050e+00
2.618925317356279869e+00
3.750513743214104245e+00
3.710734303943314050e+00
1.032880215922031475e+01
1.448714368949218123e+00
-3.559385816749829790e+00
-3.844348686900819878e+00
9.909401410928220244e+00
2.180005634837937745e+00
-5.000689604491636686e+00
-6.254637336968542627e+00
-1.573177580323026126e+00
-2.007018090428616119e+00
3.543084607562344335e+00
3.982832591965472790e+00
-7.166363193927577591e+00
-1.450282505901374863e+00
-1.266954747801918302e+00
-2.075482083551852153e+00
-1.780040612806956801e+00
3.451637671690940490e+00
-2.031155428216659065e+00
-1.486967371991134268e+00
-2.615108084083306306e+00
-1.530487606331589756e+00
3.464298929175931629e+00
-6.344962777277087795e+00
-7.856846957018229993e+00
2.333575502700947712e+00
-6.733718442959500727e+00
-1.163477655816990142e+00
2.884778450223512536e+00
8.621251689706976862e+00
7.727789946204144833e+00
1.751706710905912789e+00
4.453163359541791877e+00
-2.255799956048131438e+00
-1.348585042593614780e+00
-6.133576650818433507e+00
-2.348730818292681377e+00
1.705633412187640197e+00
-3.176526413202831911e+00
-1.138476263774413022e+00
5.159592373582755354e-01
-8.306275861178077591e+00
-5.084850990792435965e+00
-7.685034689938134989e+00
7.569071063153047341e+00
4.556525679349114455e+00
-3.559239792306927441e+00
6.659845085802295728e+00
-2.617207144511903394e+00
-6.887429731608371242e+00
-1.976218627695318419e+00
-1.817528151854518326e+00
-1.816428606478293073e+00
8.841847778685366421e+00
-1.976001480025806334e+00
4.066101352562547788e+00
-6.873652383502345309e+00
1.866443263238428685e+00
1.945604318171831881e+00
-5.790075863551519042e+00
2.004252913335766273e+00
-8.375898516451785625e+00
4.112531816364218606e+00
-8.006330169084479920e+00
7.431128184227626221e+00
4.610801229868027207e+00
2.591223652825023649e+00
-2.724302358966902649e+00
4.402738824578105614e+00
-7.733132574491814459e+00
1.476519167639001484e+00
4.620133721685510952e-01
7.977638642496773791e+00
-7.985690318058520809e+00
9.671797587943197883e+00
5.121027884003170882e-02
1.317504253790624080e+00
1.082040080607910326e+01
2.717048137531067109e+00
-2.137653567096147622e+00
-6.286179066935579485e+00
-3.464407338923150892e+00
-1.378213546437738302e+00
3.944388807079139969e+00
-5.314027967496802063e+00
-5.318299866541924104e+00
-2.352349123627396565e+00
-1.750459587269454831e+00
-1.993378409829696496e+00
-2.016845521237293770e+00
1.015343670399018450e+01
7.505552103665428021e+00
3.352592126181940468e+00
1.245524996658315731e+00
-1.640067014803374246e+00
3.919896565611159733e+00
2.432927354419141430e+00
2.350350641739906266e+00
-3.951340056611418738e-02
-6.115065744714320850e-03
4.370951578386695680e+00
2.306396002267315115e+00
-6.759858603008812139e+00
3.983465207291138732e+00
9.438540056647827470e+00
1.712723386361267641e+00
-8.290780598579978289e+00
-5.024569333853677655e+00
3.645583072542300407e+00
4.539503800610054540e+00
-5.223558076857595101e-01
4.486161194338866842e+00
7.939223553643194542e+00
3.554401254204687666e-01
9.748748381792902151e+00
-5.887213884421446330e+00
-1.991850366451861643e+00
3.209618208393970384e+00
3.752955602135721325e+00
-2.599245413745502553e+00
-7.064061682965848021e+00
-2.738542876227385126e+00
3.206274801808551622e+00
1.283773300005869755e+00
-1.889758073078671163e+00
-1.687821971716567448e+00
-8.577389100454764659e+00
1.879168986704294331e-01
-2.094979981233494382e+00
3.239719417053805728e+00
-5.497932162614233675e+00
-2.455236060166262835e+00
-1.484035129925251884e+00
2.074514409263200410e+00
9.685738784639084997e+00
5.862949071538076318e+00
4.162193259058408756e+00
-1.231599628748078379e+00
2.236091255333390926e+00
-6.006782327770661123e-01
-4.145704700912197893e+00
3.924469881261124282e+00
-5.846373293686144557e+00
2.619469465399951735e-01
8.469581624975777601e+00
-4.196751809928047638e-01
3.577414602894580131e+00
3.759318886654951175e+00
8.370594631250931172e+00
5.308922842871626635e+00
-2.491728833559315515e+00
-1.926235673797458192e+00
1.255395098153911038e+00
-2.635395373191783186e+00
-1.572968027473098385e+00
2.468726399848467423e+00
-2.202515783839123831e+00
2.164637657430365181e+00
4.708767622232848282e+00
3.272865412540265417e+00
2.912637341890089715e+00
-2.527611638640636205e+00
-7.585491350247585141e-01
-1.250261314739137042e+00
7.468104419464134835e+00
1.024017038928416312e+01
9.376316859627953804e+00
-1.833016824610834705e+00
8.230044997931893036e+00
-1.911165021503522965e+00
-4.890879045617396059e+00
9.684848935206826326e+00
1.278101573095485222e+00
1.042374162811781524e+00
6.994236451895404549e+00
-7.184310774586777804e+00
2.447687576862162206e+00
9.077375210044303699e+00
-7.115192476395387544e+00
1.833005024204498179e+00
-3.891101822342904359e+00
-4.885487547995533752e+00
3.786236375536707222e+00
2.887621176483607055e+00
-4.256742392649657258e-01
-2.281853797618012436e+00
-6.409205742435054809e+00
6.307323446004432510e-01
-8.060080963170916490e+00
3.966390204895883009e+00
-4.619958758952823485e-01
-7.367636800344928183e+00
1.033412729417784348e+01
4.104199564940830491e+00
1.014267101074477040e+01
-2.546596552041937578e+00
-1.172847716734122914e+00
-5.058791211715952585e+00
-8.153697023527676890e+00
-3.806050795394685604e+00
-8.232352090588621607e+00
-8.005451428757050181e+00
-6.128341434112198449e+00
2.316941554423981309e+00
-7.817196503462953139e+00
-6.757643402205950167e+00
3.618240198914996153e+00
2.518480529570674697e+00
8.850892131730077494e+00
-1.561422497910625040e+00
-6.788674451898767614e+00
7.776222097483802997e+00
-6.598145190897134249e+00
2.096039259782901620e+00
3.183323213567570864e+00
9.145972642615145531e+00
2.711578621591486549e+00
4.083727626517744014e+00
4.500437154211026858e+00
9.888305810856707012e+00
-3.833657487552291965e+00
-2.061483513521470190e+00
-7.138930814237656186e+00
9.798564919920084160e-01
6.583111035542503764e-01
6.340523883576690833e-01
-1.972920770409071434e+00
6.207495001742689311e+00
-1.362291096575364513e+00
1.370677870763697070e+00
-2.316376554755759931e-01
6.153231587868495112e+00
9.527413192493307648e+00
3.957263896853546292e+00
-5.088237042782250974e+00
1.597754342068098854e+00
2.757044749599041555e+00
8.487648057800083023e+00
-1.296353003777177992e+00
3.410420411707913768e+00
-4.488465547262117994e+00
1.617236879445749897e+00
-7.571444548451869316e+00
-1.095766675395911438e+00
1.037960719933891163e+01
-7.383956977919526210e+00
-5.906876465514439900e+00
-2.004146104740200496e+00
8.093050868094033845e+00
9.929041485978389758e+00
1.679848882757172035e+00
3.822296572417789307e-01
-8.405446489488055395e-01
3.398318197018276088e+00
-1.884479482438121467e+00
6.178549720876292284e+00
4.672359725319625845e+00
-1.980632455292266059e+00
1.537798681510915255e+00
2.533106572992100070e+00
7.385091303280973740e+00
3.415575442028294884e+00
-8.053507311324446860e+00
4.025217743914976332e+00
2.925962302547921112e+00
-1.814622787126516812e+00
1.362107798701417183e+00
-1.807017651664222235e+00
-1.950917111219179434e+00
-1.713854123044046496e+00
3.908068057891519231e+00
-6.729925111109460900e+00
6.359315869724500914e+00
-4.127830591957426520e-02
6.604455984493837750e-01
-2.355154208773384272e-01
3.890928185075476442e+00
-2.523269238440766671e+00
1.607415558530045363e+00
-2.957521017227501492e+00
-2.262435685919255146e+00
1.633888688755998464e+00
3.329804907786718005e+00
4.699950608567080579e-01
2.886270114469423831e+00
-1.201975827483696468e+00
-9.737838479323612795e-01
-2.157087501110705130e+00
9.721903291541718062e+00
5.095483700812612149e+00
1.040899258478675815e-01
-2.693979187533064756e+00
1.043940385486449074e+01
-1.772805509325288131e+00
-1.799191644262384537e+00
-2.658985374926091882e+00
9.971342326422099944e+00
7.881013333091724249e+00
3.015246353915992827e+00
-1.822886813325080402e+00
6.414611732913764186e+00
-5.096494815918927168e-01
3.087531563937438994e-01
-3.088014833780977630e-01
-1.539039301084271338e+00
5.217506799993595124e+00
4.125493086249404584e+00
-2.127158053503883650e+00
-7.202494127475407293e-01
7.832793431941746043e+00
-8.451470028528953904e+00
3.058690255595367113e-01
2.612919130236594611e+00
8.711449395340665092e+00
2.072706817714759620e+00
8.772135455483130784e+00
-7.465014606414297482e+00
-1.492347811809584091e+00
8.438985347963100736e+00
2.174783886201581140e+00
3.627606249975287689e+00
3.768693864814480321e+00
-4.162972384099515644e+00
1.061310458308430427e+01
-2.296650566557476125e+00
4.479509486343091318e+00
-7.897646390399948313e-01
-2.738548886553689332e+00
-1.810074103086866559e+00
-2.167031205141061179e+00
-2.425676273122839177e+00
2.483160959898643938e+00
-1.379661491814367036e+00
-7.547807421976019171e+00
4.242329654720516374e-01
1.329001305670353350e+00
-1.808667706334682990e+00
9.086105476790333313e+00
-8.221381627434535488e+00
-6.842879118704086494e+00
4.044459952597906138e+00
-5.661440378586518385e+00
-7.247270899507542552e+00
1.882195684235584032e+00
4.194263739926999968e+00
-1.751663618206762196e+00
1.531488186405977614e-01
1.429348936681506643e+00
-8.494672229112889994e+00
-8.155599771181158530e+00
6.392162892848035405e+00
-9.033957641280478956e-01
-5.854838625869706270e+00
-7.015091338595286885e+00
-1.652195588915984059e+00
-6.450296652597303115e+00
-6.542305736211389444e+00
-5.299223906913731241e+00
8.472858099977530699e+00
2.610821731454976202e+00
3.233420556701442017e+00
5.258020983109632951e+00
-6.562960898353009220e+00
-8.177283581011424829e+00
1.051478817513634390e+01
2.479244109067216595e+00
-8.077077278837473173e+00
6.926501963104279014e+00
8.183494315357243920e+00
-2.079037172978137615e+00
4.294279308343555535e+00
-2.229419795729802978e+00
6.005560544784253052e-01
1.828606366913265724e+00
1.606829506756265014e+00
1.080555154843945509e+01
8.996706903477610595e+00
1.043841875102252681e-01
7.410569471575818135e+00
-3.452895676981964534e+00
-2.167897435664097650e+00
2.123157325123235850e+00
3.295314785895700815e+00
8.527409447670343923e+00
1.595919473694621393e+00
2.285483125676885052e+00
-5.477994157957838617e+00
1.264931255702385071e+00
-8.962538344882876373e+00
-2.504048362176880094e+00
-6.164694505349879172e+00
-8.871776449473653514e+00
-2.531071769483313472e-01
5.382737496375235686e+00
-4.422469424854930331e+00
-5.436465030350126071e-01
9.163990724542474098e+00
3.251847619449750315e+00
3.939667310800395228e+00
4.912318691841742968e+00
1.192462791614307704e+01
4.201908860254151890e+00
-9.867852337506172189e-01
-5.066413928177947668e+00
-8.722512205621550052e+00
6.871466986560451851e+00
4.527017099410568512e+00
-2.316454137016671577e+00
-1.062478311362899497e+00
1.090639503964220935e+00
1.171017665348994363e+01
-9.343960163390910623e+00
-3.191344875441724405e+00
3.527813433724733105e+00
-8.543172589759810975e+00
1.178651484790076154e+01
1.069283131835980427e+01
-7.324327627955559805e+00
3.021981887198090799e+00
9.198957591800047240e+00
-1.848327926612133298e+00
-6.139740084102006668e-01
4.668201773591516002e+00
-3.623947018486679994e+00
-6.905411824802241583e+00
-6.771240083781554731e+00
-1.700117471444403616e+00
3.402697687230279655e+00
1.160837916957314064e+01
3.371752399596643635e+00
1.033464024897601696e+01
-5.291069024463696202e+00
-1.209684536947589706e+00
4.688596020708386547e+00
3.361504913445991782e+00
1.072579470779249888e+01
2.250945908295779674e+00
1.107909009036772119e+01
7.769218353393257948e-01
3.464305664202381063e+00
1.129723501789189122e+01
5.369826564135080638e+00
1.157334041227671229e+01
1.110464494823653503e+01
1.039717035711205284e+01
-9.346503083374436471e+00
4.183331350100007562e+00
1.028430290009278458e+01
2.807540909443973831e+00
-2.232472104331635787e+00
4.516808355324140933e+00
3.967438889963173843e+00
-8.259854678195566180e+00
6.506104101792642425e-01
1.076888268323912001e+01
1.107944527414545455e+01
3.876730705773800079e+00
-1.166843557385214503e+00
3.021992545874005121e+00
-6.159552751608939225e+00
3.625635030746913845e+00
3.203197958380879395e+00
3.297363816139384229e-01
-4.816638759798008707e-01
-8.887618329068743606e+00
4.207595404592108679e+00
-8.632915286737233629e+00
1.103153912876137355e+01
1.058390313082920819e+01
3.341156090380281274e+00
5.851201815283863183e+00
-2.345086029023601526e+00
-1.419672382065521710e+00
1.103902208583576439e+01
-3.724458686444789279e+00
3.121708698245862834e+00
-2.839589015916780923e+00
5.046330798371458926e+00
1.575553730561967125e-01
-3.570003780863859610e+00
-1.938631495559614226e+00
1.362211701383491680e-01
1.092907934691499072e+01
-3.017157956022491927e+00
-2.616746895514431070e+00
-6.215311514220770661e+00
-6.392723248119748014e+00
6.587056143540729103e+00
-4.299422447879119868e-01
-1.856673284794722267e+00
-2.320100963860848964e+00
1.884489314063608090e+00
-4.809486498321650094e-01
9.698561209631789026e+00
2.746343450417692011e+00
-8.675408464401934694e+00
-7.333551088162697518e-01
5.007410930994856457e+00
5.581546414904853037e+00
-3.033583340853037491e+00
-2.300707983708261684e-01
-2.474969109269499867e+00
-2.874239640067302037e-01
-5.175046494529279784e+00
-5.360911723596723633e+00
2.028711960383111634e+00
1.162454222281763805e+01
-2.432344801537144607e-01
8.926286590050418468e+00
9.443063193537522437e+00
9.673261669803343565e+00
8.829798176013607947e-01
-9.142173576712164795e-01
-2.660366471461311111e+00
-3.264717006054040915e+00
-9.088757134911908508e+00
4.169785203409116292e+00
-5.238789786127864723e+00
8.864011176357587729e+00
-9.077121493350375214e-01
2.636287268308717957e-02
-3.587931451925896909e+00
7.167900182878065962e+00
-2.515178223229861842e+00
5.102579588261042076e+00
1.107882289636220374e+00
6.476767578116830570e+00
4.776920563524051033e+00
-1.920202755893073876e+00
-1.129001596830417675e+00
4.091908524099360456e+00
1.447623873143616624e+00
1.065128127995423668e+01
1.313501263543421782e+00
2.820361836439518655e+00
-1.520495017511696467e+00
-9.616459172512097808e+00
7.164002467984974531e-01
1.120555656128783717e+01
5.466394570752570736e+00
-2.767115074451124812e+00
2.730126566655439735e+00
1.048419198170201128e+01
9.676475233473505355e+00
-3.653387963661344884e+00
-5.949095540351517997e+00
5.298803308284057323e+00
9.547032515842273526e+00
3.691478234349678811e+00
3.282163656920304540e+00
4.071255043677797225e+00
1.134133472973605627e+01
2.310492048791017883e+00
-2.445449322180970331e+00
-2.797976239710325164e+00
4.762181688999800322e+00
4.717436747440813427e+00
-2.034958114961075815e+00
6.151251779151671872e-01
1.084010014917473264e+01
1.004528222706721685e+01
3.013369814734665919e+00
-2.704290967814666047e+00
8.780632493882183809e+00
-6.360777870646932008e+00
-9.519210490862043628e+00
5.665396220990190912e+00
4.266577405533030998e+00
-1.356814042708798684e+00
-2.983258148452136105e+00
-8.833304531508497703e+00
-1.648659142529950161e+00
-2.103668275932558451e+00
1.603463063891980234e+00
1.556557134731360925e+00
2.102174710408180047e+00
3.166296633419858342e+00
7.267331868768461822e-01
1.257986119807563030e+00
1.121164987280716474e+01
-2.701500623686112768e-01
-6.366653172153372786e+00
-3.521528857915781519e+00
1.128942933947436167e+01
2.681294114851318522e+00
1.293555421119244819e+00
-9.703144525022494804e+00
8.976056569666444052e-01
-7.529381348785236128e+00
-8.166142450686914245e+00
-3.423227423836202821e+00
6.668062158093528424e+00
-3.627895485366858352e+00
4.127859274790606214e+00
-1.011100944976916605e+00
-3.830460733348749480e-01
1.814180864549144845e+00
-2.860073673919891313e+00
-2.040944121060669136e+00
4.967535949475913704e+00
1.137711012401927846e+01
4.102270429437046673e+00
-9.088918804768889359e+00
-1.996015475909721282e+00
6.703819449691954979e+00
5.219700530605944522e+00
-8.180443420776778440e-01
6.119080487171802973e-01
-9.870152070096667174e+00
-1.060600156116070947e+00
-5.181060913731126760e+00
-3.152713381575825924e+00
-4.253410835909115839e+00
-1.166733983775582795e+00
-3.891174490365518324e+00
-2.499355452254182985e+00
-1.295060115913592380e+00
-8.097665465196444146e+00
-7.872136641629761122e+00
-7.479806551879763177e+00
-3.134258982559356532e+00
-8.111566614765004957e+00
-3.238438086528435678e-01
9.386888169749120436e+00
-8.939506459673726368e+00
1.105921520077688314e+01
1.269166835753364087e+00
-9.279399804704949517e+00
5.059809141867538607e+00
-2.728527627686275991e+00
6.657755871222535760e+00
1.038623332408035616e+01
-2.077796458992338557e+00
5.185366289756344393e+00
-4.523026686210406488e+00
-9.011469052724369044e-02
1.079202470086996613e+01
4.697509867617658763e+00
-7.774446940263672445e+00
5.933083521623194301e+00
-7.908339941457401601e+00
1.646353758103275666e+00
-8.860216315486551864e+00
4.514732243446019311e+00
-1.344802381204430741e+00
3.482818810558380829e+00
4.877083533647992297e+00
4.466538797558183838e+00
1.101399884670679086e+01
1.921417118269570068e+00
-3.602767320499193904e+00
-5.103159837586924041e+00
1.022786211684852020e+01
2.962318418861226377e+00
-5.617513034325633647e+00
-7.075860252483541224e+00
-2.209907810632503633e+00
-2.738704363584977042e+00
4.700590956135809684e+00
4.296335055080400700e+00
-8.402655641169165079e+00
-2.386768137246167321e+00
-1.089398282728228029e+00
-3.222347792480953377e+00
-3.467661939147789418e+00
4.499253788665630971e+00
-2.301296456972143911e+00
-2.551762063743033160e+00
-3.369776509992298941e+00
-2.090253006007360526e+00
4.452935198461537958e+00
-6.774784384044501451e+00
-9.197581963110010861e+00
2.747070457540959687e+00
-7.216999464661442154e+00
-1.503097975941802833e+00
3.368361416240980066e+00
8.959922390254620339e+00
8.341915428811677913e+00
1.887398111472497364e+00
3.963722024931738197e+00
-2.800995246874599776e+00
-1.355989503010007535e+00
-6.730951947435571014e+00
-2.923245596554035153e+00
1.977402830412246182e+00
-4.142486884119014334e+00
-9.060615903712243568e-01
6.732724965660350502e-01
-8.363248289708749894e+00
-5.530235623380307608e+00
-9.544948454139218441e+00
-2.497118255732696745e+00
-1.997598681740130555e+00
7.926490932677999979e+00
4.728882108455016997e+00
-3.312744442946160994e+00
7.015056545260215159e+00
-2.255422603422897243e+00
-8.113514491966807185e+00
-2.570786323411077934e+00
-1.917647966375872537e+00
-2.798493598904097546e+00
9.624248724975775104e+00
-2.975696556486185695e+00
5.364955481171010732e+00
-7.948118778904614601e+00
1.729994496495205203e+00
1.845410457201388965e+00
-6.705029012970141089e+00
1.875314965125127298e+00
-9.613321912274102488e+00
5.718206975799774661e+00
-9.229015955396560500e+00
8.236807957386780288e+00
5.655350169957013229e+00
4.279644787290761698e+00
-3.469564361661413798e+00
5.500587142528930329e+00
-8.876389719916046417e+00
2.013330654794599273e+00
1.234664741151272782e+00
9.106329501970845897e+00
-9.590689042104829198e+00
1.048015937730373004e+01
-4.101071470524497720e-01
1.565906225422848408e+00
1.107314254308851886e+01
3.942722901414704495e+00
-2.989482754679898324e+00
-6.907959237527056651e+00
-3.453121865528895995e+00
-2.250638112766535137e+00
5.087876577731948124e+00
-6.434316125048256119e+00
-6.226493438909924016e+00
-3.039237323159047488e+00
-2.184730714038648269e+00
-1.883304010576562826e+00
-2.399857099934705307e+00
1.094988170492989887e+01
7.674809570900847255e+00
-1.852218138587439666e+00
4.301117620757280768e+00
1.495346408361926116e+00
-1.014620915837005644e+00
4.891282056631645503e+00
1.866811693169530884e+00
3.013941830621420070e+00
4.724352149053042682e-01
-1.104874389939188850e-01
4.536123686666675425e+00
3.144027562769082795e+00
-7.554838824862015301e+00
4.592698217902491109e+00
1.046030670116475214e+01
2.574425881905773483e+00
-8.598667509330706338e+00
-5.616064472449695977e+00
3.691508090651791196e+00
-2.092871076152635901e+00
4.927236272982686849e+00
-3.076209661319345701e-01
5.348473227432111621e+00
8.855043653865594777e+00
-1.955481211787449825e-01
1.150940982224135212e+01
-6.871966160593162343e+00
-3.043217391392067483e+00
2.925032635796319447e+00
4.801715883716632938e+00
-3.081681535415391249e+00
-7.462477042292189999e+00
-2.531350342886044213e+00
4.549417192059275195e+00
1.929054068895522001e+00
-2.999423998560968307e+00
-2.620684627120531740e+00
-9.198814079411988587e+00
4.948711791828583895e-01
-3.074144274838768176e+00
4.196561436319641736e+00
-6.242444865155981404e+00
-3.616200218086002671e+00
-1.911704620767520346e+00
3.276156894339498749e+00
1.055562284661806238e+01
6.572101755333400241e+00
4.805612695339450902e+00
-2.437959700185363676e+00
-9.055728695620899327e-01
2.236032572807548746e+00
-1.245021948320694571e+00
-4.200824103638987950e+00
4.615162335418669493e+00
-7.058035364770202769e+00
1.008919799790378491e+00
9.664341154598171002e+00
-6.180431685999447922e-01
5.157058828014909224e+00
4.939297099096384258e+00
9.478324760991153397e+00
6.222915338917445638e+00
-3.260853534014408694e+00
-3.506242207621224516e+00
2.296960822442318584e+00
-3.200854249481261515e+00
-1.706528399038279131e+00
2.021956423085718324e+00
-2.339182908180197806e+00
3.058452279855972122e+00
5.003429543100867960e+00
4.046462105912207008e+00
3.115118610088560391e+00
-3.446323654758673971e+00
-2.672527340834921494e-01
-8.587010702757407188e-01
7.923248087552052787e+00
1.038206098933310351e+01
1.084780221789863752e+01
-3.445774700487598263e+00
8.758035780795959013e+00
-3.149125886257544416e+00
-5.321716866050034689e+00
1.033564919313660724e+01
1.863489233141743195e+00
5.881627442242861603e-01
7.911577537848093478e+00
-7.375576232695361334e+00
2.362068441967424715e+00
9.783088625464847254e+00
-7.072683259958886026e+00
2.225189243936641859e+00
-4.378491306746076894e+00
-5.224975120853302180e+00
5.436790409932158674e+00
3.828155593128419909e+00
-9.233441313059082001e-02
-2.849010281737804462e+00
-6.318854989117003385e+00
1.015056756016202266e+00
-8.819429872821411109e+00
4.994407645496568016e+00
-1.135476093427488342e+00
-8.565762516880361943e+00
1.124692451606397192e+01
4.776894779569826888e+00
1.097858096619584956e+01
-3.203923731239041395e+00
-5.323218402401281857e-01
-5.589336432208531491e+00
-9.677214162976911282e+00
-3.860744945578815646e+00
-9.423673362033722967e+00
-9.111678312575829608e+00
-6.157443079739170599e+00
2.090293071648426704e+00
-8.866540964848290685e+00
-7.371789727470544840e+00
4.397961452611758304e+00
2.141833392207334263e+00
9.076438514986369555e+00
-1.639401658774804593e+00
-7.211473095366357278e+00
8.155277860525369960e+00
-7.787326664138157106e+00
2.786059347289093324e+00
3.385422560387589819e+00
1.033952420935387906e+01
3.005871412114283991e+00
5.617782252720713743e+00
4.474365824601580499e+00
1.043482830546707874e+01
-4.822149206376963093e+00
-3.505323811175112159e+00
-8.466775880503584872e+00
1.765538194480287926e+00
1.755660427230548493e+00
1.314816308802771561e+00
-1.868525897956508475e+00
-3.490644153651500048e+00
6.951018809965310297e+00
-1.120395763265039868e+00
2.319436043813397408e+00
-5.373584150755728039e-04
6.260460345429927465e+00
1.070882077388688458e+01
4.509126285222436081e+00
-6.554888212088063604e+00
1.886007440097651866e+00
4.073637918857575535e+00
9.735106538848024016e+00
-1.800843514601950801e+00
-2.219794614507943464e+00
4.364877452445933947e+00
-4.825432746154002750e+00
1.623095568059228277e+00
-7.898155588348126699e+00
-1.502414630343493318e+00
1.141925170515668597e+01
-8.807385942900657128e+00
-6.817407825118322329e+00
-3.000266617972507710e+00
9.317613301309432217e+00
1.108917742442757337e+01
1.245673728964250326e+00
8.102094710846354797e-01
-1.003961473670182514e+00
-1.955334114884435648e+00
4.473015830687956829e+00
-3.017538159729061586e+00
7.262243574313179018e+00
5.624973204462730081e+00
-1.719205028910130828e+00
1.742839859524526691e+00
3.648872363681004316e+00
7.861404896249381657e+00
3.820798323325051538e+00
-8.805204174640142156e+00
4.376629817302298164e+00
2.759174416593442647e+00
-3.242305646322572343e+00
1.783345782770568544e+00
-2.824603795512940163e+00
-2.068415793373526768e+00
-2.552157613129975466e+00
4.489876268969871020e+00
-7.462846558207886893e+00
7.112162027712180645e+00
-5.621000244385908617e-01
9.379928473538593492e-01
-6.206932418538546603e-01
4.542750072557773855e+00
-3.227875932656143032e+00
1.802689164328687088e+00
-3.213604934367889854e+00
-3.479407492037070782e+00
1.820033994109223840e+00
3.525259419028867303e+00
1.237204892429976555e+00
4.164930362558128429e+00
-1.909896449290521048e+00
-1.837974738538289632e+00
-2.554014191102008002e+00
1.064256265049733940e+01
5.636915655175417150e+00
1.214071494187702216e+00
-3.517945903552277542e+00
1.103147117502650154e+01
-2.850044998947359076e+00
-2.711560178996412773e+00
-3.213330783071407293e+00
1.183802544446080240e+01
8.460750498260896535e+00
3.543174391019443092e+00
-2.740693482470455855e+00
7.945516361407536365e+00
-9.667823254267418065e-01
4.494349071462226952e-01
-7.539733592245231319e-01
-2.695391005651513350e+00
5.238784679263183364e+00
5.172679413680428162e+00
-2.783727189962115212e+00
-1.343487740819195864e+00
8.229611641392567734e+00
-9.452626900919339548e+00
4.111657069529811581e-01
3.615052534369375348e+00
-2.179130689056003600e+00
8.930656970463633826e+00
2.886088878845213035e+00
8.987264100554767765e+00
-7.788705526941543944e+00
-2.278504515895428018e+00
9.177447789808351075e+00
-2.633326620192282252e+00
1.558040616714464921e+00
4.052419810505668352e+00
3.617375097011046758e+00
-4.419599298919767882e+00
1.133123197142233884e+01
-2.201312847113662041e+00
5.686544019545534567e+00
-1.358688523225218381e+00
-3.547188126327499802e+00
-2.789415911835481765e+00
-3.229457187255209138e+00
-3.140410276590906768e+00
2.948075763011515971e+00
-2.271354242714411775e+00
-8.574936235463782808e+00
-2.425708279677961654e-01
2.223785076622204038e+00
-2.996333076892392810e+00
9.386118764376494283e+00
-9.321231114558283792e+00
-7.212533573659086983e+00
4.786459967642357149e+00
-6.490903331774770635e+00
-8.287589478667548804e+00
1.509891140294353562e+00
5.294648855420454936e+00
-2.518802232900226645e+00
1.999796481332278830e-01
1.991534291811587254e+00
-8.559073692379655540e+00
-3.243510124765708991e+00
-9.625415943674060060e+00
-2.694413964981884568e+00
7.176829931128808404e+00
-6.835212898959422967e-01
-5.676666988479604825e+00
-7.481303596801461175e+00
-1.415873312629619019e+00
-6.758353382518509811e+00
-7.284518080990586064e+00
-6.660537099303311059e+00
8.805500147568679381e+00
3.128311553858909466e+00
3.703570524636256689e+00
5.556479146489015974e+00
-7.555324022995866251e+00
-9.350301106726277567e+00
1.133892984497380674e+01
-1.849443861827759328e+00
2.405461884203023093e+00
-9.519258518393039381e+00
-2.806446460549166577e+00
7.293298854299838929e+00
8.888788030342395174e+00
-2.012185657705715336e+00
4.903758355133372326e+00
-2.333439638265748961e+00
-2.665450730639858712e+00
8.733488441491958909e-01
2.532511405888886458e+00
9.994396531143365792e-01
1.119167968399620960e+01
