-9.370320123135437385e+00
-1.101656433618244169e+00
-7.681051242915926558e+00
1.163649113868560958e+00
-3.096815695357595821e+00
-4.659069267242681001e+00
-9.549567541410361571e+00
-2.203158812411785572e+00
-2.687466689147603560e+00
4.471754277746750716e+00
-2.279656937794723781e+00
6.471003791433291852e+00
3.730186055877537932e-01
3.909813470229957399e+00
6.935817598810267270e+00
-6.142550231667643912e-01
-4.948797452381589856e+00
2.637753511477039847e+00
-2.185642427724984183e-01
-9.986313445298325320e+00
-3.531873973129144417e+00
-3.785973953348810817e+00
-5.208889423349100767e+00
-1.138754104409115619e+01
-4.388555656392964188e+00
7.477007114969191903e-02
3.338855840896497451e+00
7.178828272337302252e+00
-6.903029578893136176e+00
-5.371445989914913177e+00
8.328047743957713855e-01
-9.579445206128323065e-02
-2.465180204871076697e+00
-1.184236541069249604e+01
7.634822416162717396e+00
1.530891681626677103e+00
-4.885251232083196449e+00
6.808244837972663888e+00
-1.147783271226090029e+01
-1.141796216391825070e+01
5.821612222551726390e+00
-4.090559841854088496e+00
-9.254486156690189702e+00
5.017194220206738775e-01
-7.579538429490495499e-02
-5.571759464858630828e+00
1.592623594239029217e+00
5.676647586958207370e+00
4.628763784583875385e+00
1.540721660614781108e-01
-3.834811046305198978e+00
-1.161073162565127959e+01
-3.553750505414664307e+00
-1.042514235916281606e+01
3.407156157705959476e+00
-2.304833482488522489e-01
-4.857198981800813442e+00
-3.491612852137029321e+00
-1.082194769521470512e+01
-2.731860975378832546e+00
-1.107984132369387176e+01
-1.564855678259456262e+00
-4.370595548469963454e+00
-1.139501547636020362e+01
-5.297671447644768605e+00
-1.126766119261373333e+01
-1.155869362109924303e+01
-1.083748725976453287e+01
7.325619126072446363e+00
-3.909796709566477180e+00
-1.059695494735807486e+01
-2.824850038875461600e+00
1.015844835188478346e+00
-4.927016582965279667e+00
-4.778564860851692409e+00
6.396792854392535865e+00
-8.368749788738800710e-01
-1.091891615556559003e+01
-1.188810394580089103e+01
-4.630588946873061218e+00
3.024128713856057971e-01
-2.678868854785499742e+00
4.199932932679451447e+00
-5.014864409692438407e+00
-4.439046407104825676e+00
-8.439662072662055259e-01
-8.208925701446039280e-01
7.415388627254103859e+00
-3.883061466414998275e+00
6.458365040725912998e+00
-1.109271877535305606e+01
-1.082089070101138084e+01
-4.290513306261347637e+00
-6.302175237408004449e+00
5.177300824235812060e-01
-1.562714103995354042e-01
-1.146810789545402010e+01
2.142693850417538126e+00
-3.547190043562304496e+00
1.654133802680894050e+00
-5.830089184729126295e+00
-1.424000166673782042e+00
1.573565484170049489e+00
-1.317720194920981136e+00
-1.119800665252613392e+01
8.646923385193953093e-01
1.324774214484582213e+00
4.412169411236973815e+00
4.480503312363030233e+00
-7.539704937179219080e+00
-1.622531541603799976e-02
-2.054430689916933450e-01
-3.216895014132529873e+00
-4.036133003994586410e-01
-1.011711409278290930e+01
-3.130863349735330203e+00
6.473271049652669085e+00
-3.189858363915473727e-01
-5.324515899722104706e+00
-5.402655267315121357e+00
7.724478318074839978e-01
-8.222602447674037807e-01
-2.016708853907877019e-01
3.577454021042146604e+00
3.272854630795905884e+00
-1.749673822694115533e+00
-1.132882690065267006e+01
-2.430773169759170016e-01
-8.845134012777778665e+00
-9.680392952692372432e+00
-1.012086300574862285e+01
-2.190030501335311186e+00
-7.874312949242698867e-01
1.120788185241734292e+00
1.383786989072679052e+00
7.113992234017450400e+00
-4.326015440429658909e+00
3.804604906844264889e+00
-9.412179612434789178e+00
-6.247688473170264212e-01
-5.816330910331340975e-01
1.918955860496524224e+00
-7.335050103376371311e+00
-5.178923982352372057e+00
-1.835312031327990256e+00
-6.507877846659132715e+00
-5.050245493137183850e+00
-5.871618174310573313e-01
-4.428904362354826318e+00
-2.402768056380553574e+00
-1.115454414901383728e+01
-1.944509333956300434e+00
-3.569985844309857548e+00
2.934461717515153834e-01
6.985893355361966428e+00
-1.291230714576319993e+00
-1.115330827822829640e+01
-5.387319057028694402e+00
8.662972265546496908e-01
-2.940518671883019852e+00
-1.105740685422139435e+01
-9.975484279781474228e+00
2.108474778437303687e+00
4.724768070064197190e+00
-5.551172169691902525e+00
-9.605923141839994628e+00
-4.076254858273898662e+00
-3.865290077328563445e+00
-4.103889426985373845e+00
-1.107089698142438117e+01
-2.808067290436189190e+00
8.023645448015577220e-01
-4.975004932166344318e+00
-5.050391143995184073e+00
7.324352978419348403e-01
-1.409894006156803714e+00
-1.139586402973876034e+01
-1.075877831060418188e+01
-3.740757339047679153e+00
1.313996437480315471e+00
-9.617446902088907734e+00
5.108057159733100150e+00
7.779247622293093301e+00
-5.923486593709124115e+00
-4.243021429139281153e+00
7.519427247544343551e-01
1.026038201357183155e+00
6.793601834331992606e+00
9.881782380231307616e-01
2.034413799297529746e-01
-2.142374641126491230e+00
-2.276539682645631224e+00
-2.512568564258804038e+00
-3.737212904293434779e+00
-1.683497867206089627e+00
-1.514315677261368398e+00
-1.131432617748594893e+01
-5.253210522234429414e-01
4.915919633953154566e+00
1.068348619937429911e+00
-1.101326085789599496e+01
-3.758283660385582259e+00
-2.079310115781719759e+00
7.491646007310785116e+00
-1.173884749651531889e+00
5.635877292291176843e+00
6.478708850532248320e+00
6.677122827337013122e-01
-6.695115290927033058e+00
8.445023935978590579e-01
-4.297573226940873070e+00
-8.502938146632854632e-01
-1.167363516066436846e+00
-2.500165271141522094e+00
1.616916312267419498e+00
7.319687387678033841e-02
-5.110519936334676494e+00
-1.101514615845728784e+01
-5.148729073243745624e+00
7.726415523630389970e+00
2.385489820813475881e-01
-6.447993731801499706e+00
-5.465155987613591115e+00
2.127851375017834057e-01
-2.108247511577907574e+00
7.652840776257533228e+00
-6.722048740917738741e-01
4.374353684798806263e+00
1.340814593202441563e+00
2.463424065734579393e+00
-1.431507225893546842e-01
3.138363132232869113e+00
1.232190167207645848e+00
-3.409823907125817399e-01
6.833746298867740876e+00
6.559021461121876229e+00
5.555453488718227639e+00
7.529786757475503967e-01
6.879067387873026185e+00
-1.409578884294611756e+00
-9.680043596994226007e+00
7.663183027462931562e+00
-1.118152756184992747e+01
-2.081574444959522818e+00
7.063097228005989159e+00
-5.053604523839036133e+00
1.419655042628348518e+00
-7.168464406032010849e+00
-1.064108692727338301e+01
-5.607769049245455051e+00
3.269861043787262833e+00
-1.546588558551977410e+00
-1.001708154452661148e+01
-5.499638244140616194e+00
6.510316810843894686e+00
-6.102143329444859710e+00
5.526167395425929385e+00
-2.585167755109890386e+00
6.240928747460347203e+00
-4.810731719680386931e+00
2.935021885516835849e-01
-3.673702613000492168e+00
-4.805291038858315211e+00
-4.765511597952877487e+00
-1.138357945486452749e+01
-2.503491664593430865e+00
2.504608521105617047e+00
2.789571391256607136e+00
-1.096417870657243299e+01
-3.234782930482150043e+00
3.945912308847423944e+00
5.199860041324329885e+00
5.184002347583086534e-01
9.522408051630749659e-01
-4.597861903206556633e+00
-5.037609887609685089e+00
6.111585898283363960e+00
3.955052501935666376e-01
2.121774521577059480e-01
1.020704789598655404e+00
7.252633071786432906e-01
-4.506414967335152788e+00
9.763781225883454429e-01
4.321900364105176751e-01
1.560330789566437781e+00
4.757103106873775689e-01
-4.519076224820143928e+00
5.290185481632875941e+00
6.802069661374018139e+00
-3.388352798345160011e+00
5.678941147315287097e+00
1.087003601727777324e-01
-3.939555745867724834e+00
-9.676028985351187828e+00
-8.782567241848356687e+00
-2.806484006550125088e+00
-5.507940655186004619e+00
1.201022662207669178e+00
2.938077669176045181e-01
5.078799355174221652e+00
1.293953522648469079e+00
-2.760410707831852939e+00
2.121749117558619613e+00
8.369900806660454662e-02
-1.570736562954791138e+00
7.251498565533865737e+00
4.030073695148224111e+00
6.630257394293923134e+00
-8.623848358797260971e+00
-5.611302972738639205e+00
2.504462496662715143e+00
-7.714622381446507582e+00
1.562429848867690652e+00
5.832652435964158499e+00
9.214413403441914507e-01
7.627508462262047040e-01
7.616512609135754897e-01
-9.896625074329580940e+00
9.212241849452654785e-01
-5.120878648206760531e+00
5.818875087858132567e+00
-2.921220558882641427e+00
-3.000381613816044180e+00
4.735298567907307188e+00
-3.059030208979978571e+00
7.321121220807572882e+00
-5.167309112008430461e+00
6.951552873440268954e+00
-8.485905479871838963e+00
-5.665578525478982108e+00
-3.646000948469235947e+00
1.669525063322690350e+00
-5.457516120222318357e+00
6.678355278847601717e+00
-2.531296463283213782e+00
-1.516790717733268679e+00
-9.032415938140983869e+00
6.930913023259815731e+00
-1.072657538279246303e+01
-1.105987614420648413e+00
-2.372281549434836379e+00
-1.187517810172331600e+01
-3.771825433175279407e+00
1.082876271451935324e+00
5.231401771291366742e+00
2.409630043278938594e+00
3.234362807458293076e-01
-4.999166102723352267e+00
4.259250671852589321e+00
4.263522570897710473e+00
1.297571828152286333e+00
6.956822816411413202e-01
9.386011141854837536e-01
9.620682555453847762e-01
-1.120821399963439724e+01
-8.560329399309640763e+00
-4.407369421826152767e+00
-2.300302292302527807e+00
5.852897091750609571e-01
-4.974673861255372032e+00
-3.487704661336791467e+00
-3.405127937384118564e+00
-1.015263895078098111e+00
-1.048662249867700291e+00
-5.425728862757470239e+00
-3.361173297911527857e+00
5.705081307364600285e+00
-5.038242502935350586e+00
-1.049331775165608072e+01
-2.767500682005479717e+00
7.236003302935765547e+00
3.969792038209466245e+00
-4.700360368186513149e+00
-5.594281096254266394e+00
-5.324214879584528992e-01
-5.540938491843196090e+00
-8.994000849287408172e+00
-1.410217421064681176e+00
-1.080352547775509642e+01
4.832436588777234476e+00
9.370731107440536389e-01
-4.264395504038182239e+00
-4.807732897216261847e+00
1.544468118101290477e+00
6.009284387321636167e+00
1.683765580583172827e+00
-4.261052097452763476e+00
-2.338550595650082276e+00
8.349807574662564402e-01
6.330446361359510776e-01
7.522611804810552805e+00
-1.242694154378237714e+00
1.040202685589282527e+00
-4.294496712698018470e+00
4.443154866970020045e+00
1.400458764522050092e+00
4.292578642333426120e-01
-3.129291704907412708e+00
-1.074051568091925546e+01
-6.917726367182288172e+00
-5.216970554702621499e+00
1.768222931674618414e-01
-3.290868550977603668e+00
-4.540990628671462415e-01
3.090927405267985595e+00
-4.979247176905336580e+00
4.791595998041932702e+00
-1.316724252168308684e+00
-9.524358920619990343e+00
-6.351021365536149155e-01
-4.632191897411447989e+00
-4.814096185117523241e+00
-9.425371926895143915e+00
-6.363700138515839377e+00
1.436951537915103216e+00
8.714583382168414882e-01
-2.310172379466640002e+00
1.580618077547571110e+00
5.181907717652904921e-01
-3.523503695492679721e+00
1.147738488194911088e+00
-3.219414953074577479e+00
-5.763544918440731912e+00
-4.327642708184477272e+00
-3.967414637534302013e+00
1.472834342996423684e+00
-2.962281606194539507e-01
1.954840290790257340e-01
-8.522881715108347578e+00
-1.129494768492837586e+01
-1.043109405543115287e+01
7.782394790461171219e-01
-9.284822293576105778e+00
8.563876859229062610e-01
3.836101749973183761e+00
-1.073962583148699856e+01
-2.332878868739697520e+00
-2.097151508376499329e+00
-8.049013747539616404e+00
6.129533478942565949e+00
-3.502464872506374505e+00
-1.013215250568851644e+01
6.060415180751174802e+00
-2.887782319848710255e+00
2.836324526698692061e+00
3.830710252351321010e+00
-4.841013671180919964e+00
-3.942398472127819353e+00
-6.291030563792466834e-01
1.227076551894305201e+00
5.354428446790842067e+00
-1.685509680181059844e+00
7.005303667526704636e+00
-5.021167500540095752e+00
-5.927814197489300607e-01
6.312859504700715441e+00
-1.138890458982205445e+01
-5.158976860585043234e+00
-1.119744830638898314e+01
1.491819256397725502e+00
1.180704210899104767e-01
4.004013916071739843e+00
7.098919728447135036e+00
2.751273499750473306e+00
7.177574792689719985e+00
6.950674133112838327e+00
5.073564138467986595e+00
-3.371718850068193607e+00
6.762419210073428388e+00
5.702866106561738313e+00
-4.673017494559209339e+00
-3.573257825214886996e+00
-9.905669427374290237e+00
5.066451922823117515e-01
5.733897156254554872e+00
-8.830999393128015740e+00
5.543367895252922395e+00
-3.150816555427113919e+00
-4.238100509211784050e+00
-1.020074993825935827e+01
-3.766355917235698847e+00
-5.138504920470941428e+00
-5.555214449855239600e+00
-1.094308280697788760e+01
2.778880191908079667e+00
1.006706217877257448e+00
6.084153518593443444e+00
-2.034633757683917743e+00
-1.713088399198462675e+00
-1.688829674017780391e+00
9.181434348284546187e-01
-7.262272291750182518e+00
3.075138009311522702e-01
-2.425455166407909147e+00
-8.231396801050407941e-01
-7.208008883512706966e+00
-1.058219028845549836e+01
-5.012041192497758146e+00
4.033459747138038232e+00
-2.652531637712310708e+00
-3.811822045243253854e+00
-9.542425353444295766e+00
2.415757580534709237e-01
-4.465197707915798730e+00
3.433688251617905252e+00
-2.672014175089961974e+00
6.516667252807655686e+00
4.098934979939591883e-02
-1.143438449498312437e+01
6.329179682275314356e+00
4.852099169870227158e+00
9.493688090959883086e-01
-9.147828163738244811e+00
-1.098381898130462453e+01
-2.734626178401384333e+00
-1.437006952885991229e+00
-2.142326466954069253e-01
-4.453095492662487942e+00
8.297021839755496231e-01
-7.233327016520504138e+00
-5.727137020963837699e+00
9.258551496639524370e-01
-2.592575977155127553e+00
-3.587883868636312368e+00
-8.439868598925185594e+00
-4.470352737672507182e+00
6.998730017371248557e+00
-5.079995039559188186e+00
-3.980739598192132966e+00
7.598454914823041806e-01
-2.416885094345630147e+00
7.522403861414145299e-01
8.961398155749671357e-01
6.590768174157330961e-01
-4.962845353535731086e+00
5.675147815465249046e+00
-7.414093187915589134e+00
-1.013498989724638033e+00
-1.715222894093595851e+00
-8.192618747668739543e-01
-4.945705481283360960e+00
1.468491942796554151e+00
-2.662192854174257661e+00
1.902743721583288750e+00
1.207658393093402172e+00
-2.688665984400210540e+00
-4.384582203430930747e+00
-1.524772336532718597e+00
-3.941047410113636573e+00
1.471984919030796812e-01
-8.099344771185107428e-02
1.102310205466492832e+00
-1.077668058718593080e+01
-6.150260996456824891e+00
-1.158867217498439572e+00
1.639201890197836686e+00
-1.149418114881768815e+01
7.180282036969745096e-01
7.444143887800451775e-01
1.604208079281879584e+00
-1.102611962210576912e+01
-8.935790628735936991e+00
-4.070023649560205570e+00
7.681095598719600570e-01
-7.469389028557976040e+00
-5.451278140523196925e-01
-1.363530442053855207e+00
-7.459758122661146462e-01
4.842620154241600305e-01
-6.272284112547964696e+00
-5.180270379638929334e+00
1.072380757859671130e+00
-3.345279028648737718e-01
-8.887570727585957897e+00
7.396692732884739385e+00
-1.360646321203749176e+00
-3.667696425880806910e+00
-9.766226790825887960e+00
-3.127484113358971918e+00
-9.826912751127343526e+00
6.410237310770084740e+00
4.375704961971695339e-01
-9.493762643607313478e+00
-3.229561181845793882e+00
-4.682383545619499543e+00
-4.823471160458692175e+00
3.108195088455303789e+00
-1.166788187760117346e+01
1.241873270913263605e+00
-5.534286783678319388e+00
-2.650126566042175225e-01
1.683771591642250431e+00
7.552967976840221365e-01
1.112253907805833109e+00
1.370898978605970209e+00
-3.537938255542855792e+00
3.248841462496492305e-01
6.493030126331806429e+00
-1.479010231163960798e+00
-2.383778601314565648e+00
7.538903907222687106e-01
-1.014088277243454606e+01
7.166604331790322746e+00
5.788101823059874640e+00
-5.099237248242118881e+00
4.606663082942305643e+00
6.192493603863330698e+00
-2.936972979879795886e+00
-5.249041033316524718e+00
6.968862826261454924e-01
-1.207926114284810115e+00
-2.484126232325719386e+00
7.439894933468676363e+00
7.100822476100618452e+00
-7.446940188492247259e+00
-1.513815584732373376e-01
4.800061330225494416e+00
5.960314042951075031e+00
5.974182932717717609e-01
5.395519356953091261e+00
5.487528440567177590e+00
4.244446611269518499e+00
-9.527635395621743442e+00
-3.665599027099188501e+00
-4.288197852345654759e+00
-6.312798301300721171e+00
5.508183602708797366e+00
7.122506285367212087e+00
-1.156956547078055664e+01
-3.534021399074710246e+00
7.022299983193260431e+00
-7.981279258748490868e+00
-9.238271611001456662e+00
1.024259877333925095e+00
-5.349056603987768277e+00
1.174642500085590457e+00
-1.655333382071761061e+00
-2.883383662557478022e+00
-2.661606802400477534e+00
-1.186032884408366606e+01
-1.005148439880384537e+01
-1.159161483154437677e+00
-8.465346767220029989e+00
2.398118381337752236e+00
1.113120140019885351e+00
-3.177934609494009965e+00
-4.350092081539912670e+00
-9.582186743314556665e+00
-2.650696769338833914e+00
-3.340260432594535089e+00
4.423216862313625874e+00
-2.319708551346597591e+00
7.907761049238664519e+00
1.449271066532667795e+00
5.109917209705666430e+00
7.816999153829441660e+00
-8.016701186958810066e-01
-6.437514792583121093e+00
3.367692129210718477e+00
-5.111308325456040969e-01
-1.021876821986870709e+01
-4.306624915093962613e+00
-4.994444606444607970e+00
-5.967095987485955710e+00
-1.297940521178728979e+01
-5.256686178445240998e+00
-6.799206624097753338e-02
4.011636632533734925e+00
7.667734909977338198e+00
-7.926244282204663705e+00
-5.581794396182124807e+00
1.261676841372458835e+00
7.701015718687198586e-03
-2.145416799608433678e+00
-1.276495395026149993e+01
8.289182866055682553e+00
2.136567578670168110e+00
-4.582590751915821770e+00
7.488395294115599121e+00
-1.284129214354497250e+01
-1.174760861400401701e+01
6.269550332311347063e+00
-4.076759165932146267e+00
-1.025373488744425821e+01
7.935506509361230920e-01
-4.408032572817085493e-01
-5.722979069235728744e+00
2.569169724364381846e+00
5.850634529158028840e+00
5.716462788137341988e+00
6.453401870736292789e-01
-4.457474982874491509e+00
-1.266315646544282281e+01
-4.426529695240855489e+00
-1.138941754462022971e+01
4.236291728819484348e+00
1.549072282612309337e-01
-5.743373316352599289e+00
-4.416282209090204525e+00
-1.178057200343670985e+01
-3.305723203939991972e+00
-1.213386738601193393e+01
-1.831699120999436881e+00
-4.519082959846592473e+00
-1.235201231466344751e+01
-6.424603859779292492e+00
-1.262811770792092325e+01
-1.215942224376237668e+01
-1.145194765275626558e+01
8.291725787730223729e+00
-5.238108645744220304e+00
-1.133908019573699733e+01
-3.862318205088186573e+00
1.177694808687423267e+00
-5.571585650968353676e+00
-5.022216185607385697e+00
7.205077382551355214e+00
-1.705387724730453858e+00
-1.182365997888333098e+01
-1.213422256764771312e+01
-4.931508001418013265e+00
1.120662617410021489e-01
-4.076769841518218307e+00
5.104775455964727371e+00
-4.680412348938001621e+00
-4.257975237114934863e+00
-1.384513727178656062e+00
-5.731134196644116496e-01
7.832841033424529975e+00
-5.262372700236321421e+00
7.578137991093019998e+00
-1.208631642440558629e+01
-1.163868042647342094e+01
-4.395933386024494460e+00
-6.905979110928075926e+00
1.290308733379389228e+00
3.648951163736124381e-01
-1.209379938147997535e+01
2.669681418984171106e+00
-4.176485993890075576e+00
1.784811722527256617e+00
-6.101108094015670780e+00
-1.212332638748105929e+00
2.515226486346991308e+00
8.838542475812194432e-01
-1.190998461788921325e+00
-1.198385664255920346e+01
1.962380662069295401e+00
1.561969599870218994e+00
5.160534218576558807e+00
5.337945952475535272e+00
-7.641833439184941845e+00
-6.248350667680471204e-01
8.018959891505095250e-01
1.265323666525621116e+00
-2.939266609707820610e+00
-5.738286458120473998e-01
-1.075333850527599999e+01
-3.801120746061904754e+00
7.620631168757721952e+00
-3.214221868279426020e-01
-6.062188226639068311e+00
-6.636323710549065780e+00
1.978806045208825193e+00
-8.247065372097903690e-01
1.420191815879975339e+00
-7.673533316374822055e-01
4.120269198885067041e+00
4.306134427952510890e+00
-3.083489256027324377e+00
-1.267931951846185079e+01
-8.115427855381945887e-01
-9.981063586171599056e+00
-1.049784078870476733e+01
-1.072803896544755631e+01
-1.937757113245573537e+00
-1.405599249308495668e-01
1.605589175817099257e+00
2.209939708155141069e+00
8.033979839831367542e+00
-5.224562499053329034e+00
4.184012490483651980e+00
-9.918788871365842752e+00
-1.470651453107648110e-01
-1.081140118406794137e+00
2.533154173191841441e+00
-8.222677461612120098e+00
1.460400926458305770e+00
-6.157356883905253930e+00
-2.162659585280432673e+00
-7.531544873761043313e+00
-5.831697859168263776e+00
8.654255001852658724e-01
7.422431117030625636e-02
-5.146685819743573198e+00
-2.502401168787828922e+00
-1.170605857559844942e+01
-2.368278559187634080e+00
-3.875139132083730953e+00
4.657177518197871957e-01
8.561681876867886842e+00
-1.771177532458608983e+00
-1.226033385693204991e+01
-6.521171866396782590e+00
1.712337776326755767e+00
-3.784903862299652033e+00
-1.153896927734622402e+01
-1.073125252911771632e+01
2.598610668017132141e+00
4.894318244707305254e+00
-6.353580603928270065e+00
-1.060181001116850297e+01
-4.746255529993891109e+00
-4.336940952564517282e+00
-5.126032339322009079e+00
-1.239611202312558014e+01
-3.365269344435230181e+00
1.390672026536757810e+00
1.743198944629784641e+00
-5.816958984644013064e+00
-5.772214043085026169e+00
9.801808193168638494e-01
-1.669902493527581466e+00
-1.189487744481894538e+01
-1.110005952271142959e+01
-4.068147110378878217e+00
1.649513669352093759e+00
-9.835409390162354271e+00
5.306000575002720154e+00
8.464433195217830885e+00
-6.720173516634403654e+00
-5.321354701177242852e+00
3.020367270963841833e-01
1.928480852807923807e+00
7.778527233609599634e+00
5.938818468857379740e-01
1.048890980288345709e+00
-2.658240359536192532e+00
-2.611334430375572779e+00
-3.156952006052392345e+00
-4.221073929064070640e+00
-1.781510458205474601e+00
-2.312763415451775550e+00
-1.226642716845137748e+01
-7.846272332756011325e-01
5.311875876509160044e+00
2.466751564526257212e+00
-1.234420663511857441e+01
-3.736071410495530820e+00
-2.348332716763457118e+00
8.648367232196642718e+00
-1.952382952610856925e+00
6.474604053141023385e+00
7.111365155042701502e+00
2.368450128191990078e+00
-7.722839453737740278e+00
2.573118191977333602e+00
-5.182636570434818069e+00
-4.367638061959908113e-02
-6.717312342274437409e-01
-2.868958160193357365e+00
1.805296378388413059e+00
9.861668054482544132e-01
-6.022313244556453782e+00
-1.243188741684513055e+01
-5.157047719444539879e+00
8.034141509688348393e+00
9.412381403291047999e-01
-7.758596745336166833e+00
-6.274477827941172592e+00
-2.367329249035681205e-01
-1.666685344361392707e+00
8.815374774452454432e+00
5.822890424161897283e-03
4.126283618086914906e+00
2.097936083676926078e+00
3.198633540264903097e+00
1.119566899000786764e-01
2.836397194721306025e+00
1.444578162246688890e+00
2.402828402375823957e-01
7.042888169552231403e+00
6.817359345985548380e+00
6.425029256235550434e+00
2.079481686915144234e+00
7.056789319120792214e+00
-7.309334770072677401e-01
-1.044166516587030102e+01
7.884729164593187178e+00
-1.211399249642109588e+01
-2.323944131397576385e+00
8.224622509060736775e+00
-6.114586438639094013e+00
1.673750332042063915e+00
-7.712533166866748502e+00
-1.144101061972456712e+01
1.023019141688908062e+00
-6.240143585400556248e+00
3.468249390566193746e+00
-9.646626051169688854e-01
-1.184680199651417709e+01
-5.752287163261870617e+00
6.719669644619459703e+00
-6.987860817267407043e+00
6.853562645813188858e+00
-2.701131076294363886e+00
7.805439019842339121e+00
-5.569509539090232053e+00
2.900250835633980673e-01
-4.537596106202593127e+00
-5.931860829292205040e+00
-5.521316094893411908e+00
-1.206877614235100360e+01
-2.976194413913782810e+00
2.547990024854981161e+00
4.048382541942711299e+00
-1.128263941249273117e+01
-4.017095714505438231e+00
4.562735738681420905e+00
6.021082956839328482e+00
1.155130514988291557e+00
1.683927067940764521e+00
-5.755368257416741073e+00
-5.351112350724614330e+00
7.347878345524953225e+00
1.331990841601955022e+00
3.462098708401556424e-02
2.167570497964084630e+00
2.412884643503577120e+00
-5.554031084309842825e+00
1.246519181296133816e+00
1.496984768098820417e+00
2.314999214348086642e+00
1.035475710363148449e+00
-5.507712511015906642e+00
5.720007088400289597e+00
8.142804667465798119e+00
-3.801847753185172429e+00
6.162222169017229412e+00
4.483207162403541890e-01
-4.423138711885193253e+00
-1.001469968589883131e+01
-9.396692724455888879e+00
-2.942175407116709884e+00
-5.018499320575950939e+00
1.746217951230387255e+00
3.012122173498962829e-01
5.676174651791358272e+00
1.868468300909822855e+00
-3.032180097872863911e+00
3.087709611021677514e+00
-1.487157022777577386e-01
-1.728049842130752856e+00
7.308470994064538040e+00
4.475458327736095754e+00
8.490171158495005699e+00
1.442340960088484447e+00
9.428214265959944385e-01
-8.981268228322210945e+00
-5.783659402239112346e+00
2.257967147301948696e+00
-8.069833840904429678e+00
1.200645302141965853e+00
7.058737196322595331e+00
1.516009024948506090e+00
8.628707006839633209e-01
1.743716304387228799e+00
-1.067902602061998607e+01
1.920919259150957625e+00
-6.419732776815222586e+00
6.893341483260400970e+00
-2.784771792139417723e+00
-2.900187752845601263e+00
5.650251717325929235e+00
-2.930092260769339596e+00
8.558544616629889745e+00
-6.772984271443987403e+00
8.174238659752347758e+00
-9.291585253030993030e+00
-6.710127467855913075e+00
-5.334422082934973552e+00
2.414787066017201500e+00
-6.555364438173143071e+00
7.821612422580819235e+00
-3.068107950438811571e+00
-2.289442036795485080e+00
-1.016110679761505686e+01
8.535911748151633560e+00
-1.153493667294794278e+01
-6.446701585758638497e-01
-2.620683521067060706e+00
-1.212791983901456838e+01
-4.997500197058917237e+00
1.934705458810216827e+00
5.853181941882843908e+00
2.398344569884683697e+00
1.195860817122322839e+00
-6.142653875067176195e+00
5.379538829404043376e+00
5.171716143265711274e+00
1.984460027514835190e+00
1.129953418394435749e+00
8.285267149323503055e-01
1.345079754369987501e+00
-1.200465900057410984e+01
-8.729586866545059110e+00
7.974408523636564716e-01
-5.355894916401493511e+00
-2.550123704006138858e+00
-4.015638979130783937e-02
-5.946059363549296428e+00
-2.921589000087180921e+00
-4.068719126265632369e+00
-1.527212510549516677e+00
-9.442898566502933022e-01
-5.590900982310888168e+00
-4.198804858413295094e+00
6.500061529217802558e+00
-5.647475513546703851e+00
-1.151508399680896311e+01
-3.629203194460142612e+00
7.543890213686493595e+00
4.561287176805484123e+00
-4.746285386296003495e+00
1.038093790492524482e+00
-5.982013568626898703e+00
-7.471563295122778392e-01
-6.403250522512651699e+00
-9.909820949509807519e+00
-8.592291744654672048e-01
-1.256418711788556308e+01
5.817188864948948712e+00
1.988440095747855407e+00
-3.979809931440531301e+00
-5.856493179360846568e+00
2.026904239771178950e+00
6.407699746647978145e+00
1.476573047241831471e+00
-5.604194487703487937e+00
-2.983831364539734299e+00
1.944646702916755565e+00
1.565907331476318998e+00
8.144036783767777621e+00
-1.549648514763475093e+00
2.019366978067211882e+00
-5.251338731963854478e+00
5.187667569511768662e+00
2.561422923005462149e+00
8.569273251233080479e-01
-4.330934189983712379e+00
-1.161040014226227690e+01
-7.626879045340893448e+00
-5.860389988728974764e+00
1.383182406795839148e+00
-1.492044131027910892e-01
-3.290809868451760600e+00
1.902446526764820234e-01
3.146046807994775651e+00
-5.669939631062881347e+00
6.003258069125990914e+00
-2.063697095434590789e+00
-1.071911845024238374e+01
-4.367341144814927412e-01
-6.211836121968105751e+00
-5.994074394740596112e+00
-1.053310235615839829e+01
-7.277692634561657492e+00
2.206076238257461686e+00
2.451464909722324670e+00
-3.351738118086530438e+00
2.146076953837049217e+00
6.517511133781679344e-01
-3.076733718729930622e+00
1.284405612535985508e+00
-4.113229575500184865e+00
-6.058206840999767806e+00
-5.101239401556418862e+00
-4.169895905732772690e+00
2.391546361876454085e+00
-7.875245715448213613e-01
-1.960762034034493062e-01
-8.978025383196264642e+00
-1.143683828497731447e+01
-1.190257951354285204e+01
2.390997404843385965e+00
-9.812813076440171756e+00
2.094348590613332117e+00
4.266939570405821947e+00
-1.139042648878081998e+01
-2.918266528785955494e+00
-1.642939999932094386e+00
-8.966354833492307108e+00
6.320798937051148592e+00
-3.416845737611637457e+00
-1.083786572142703974e+01
6.017905964314674172e+00
-3.279966539580853713e+00
3.323714011101864596e+00
4.170197825209090325e+00
-6.491567705576371416e+00
-4.882932894409351299e+00
-9.624428825136217558e-01
1.794232986093591720e+00
5.264077693472790642e+00
-2.069834011724010381e+00
7.764652577177198367e+00
-6.049184940746211048e+00
8.069880776737692329e-02
7.510985221236149201e+00
-1.230170181170818466e+01
-5.831672075214039630e+00
-1.203335826184006230e+01
2.149146435594829097e+00
-5.224554544056740912e-01
4.534559136564319637e+00
8.622436869587387420e+00
2.805967649934603347e+00
8.368896066389510224e+00
8.056901016931616866e+00
5.102665784094957857e+00
-3.145070367292639002e+00
7.811763670331420606e+00
6.317012431826332985e+00
-5.452738748255970158e+00
-3.196610693488265653e+00
-1.013121581063058230e+01
5.846243531464910825e-01
6.156695799722144535e+00
-9.210055156169582702e+00
6.732549368493943476e+00
-3.840836642933305622e+00
-4.440199856031801673e+00
-1.139430150499809002e+01
-4.060648707758495846e+00
-6.672559548364925597e+00
-5.529143120245792353e+00
-1.148960560111129148e+01
3.767371910732750795e+00
2.450546515587266772e+00
7.411998584859373018e+00
-2.820315490124500446e+00
-2.810437722874760791e+00
-2.369593547600422845e+00
8.137486117327251689e-01
2.435866858570959526e+00
-8.005796105609523039e+00
6.561846762082745865e-02
-3.374213339457610150e+00
-1.054239947213237993e+00
-7.315237641074140207e+00
-1.176359806953109732e+01
-5.563903580866647935e+00
5.500110916443850861e+00
-2.940784735741864608e+00
-5.128415214501787389e+00
-1.078988343512819448e+01
7.460662261234799475e-01
1.165017318863731166e+00
-5.419654748090145802e+00
3.770655450509790896e+00
-2.677872863703440576e+00
6.843378292703914845e+00
4.476373446833821212e-01
-1.247402900080089871e+01
7.752608647256444385e+00
5.762630529474108698e+00
1.945489324582983182e+00
-1.037239059695364496e+01
-1.214395472007178611e+01
-2.300451024608462625e+00
-1.864986756744746899e+00
-5.081582197403006207e-02
9.005568491925264318e-01
-5.527793126332169571e+00
1.962760864084849510e+00
-8.317020869957390872e+00
-6.679750522653818301e+00
6.644277132977164380e-01
-2.797617155168738989e+00
-4.703649659325217058e+00
-8.916182191893593512e+00
-4.875575618969263836e+00
7.750426878995929414e+00
-5.431407112946510907e+00
-3.813951712237654945e+00
2.187528350678360045e+00
-2.838123078414781286e+00
1.769826499981462131e+00
1.013638497729314025e+00
1.497380317485762724e+00
-5.544653564614082875e+00
6.408069262563675039e+00
-8.166939312082954316e+00
-4.926772712056214920e-01
-1.992770142998071758e+00
-4.340840537903576934e-01
-5.597527366510970381e+00
2.173098637011930734e+00
-2.857466459972899386e+00
2.158827661270553477e+00
2.424630198083874255e+00
-2.874811289753436139e+00
-4.580036714673079601e+00
-2.291982188074189075e+00
-5.219707658202340284e+00
8.551191536463087495e-01
7.831974029576729279e-01
1.499236895457795482e+00
-1.169733994614155215e+01
-6.691692933909473950e+00
-2.268848799816015838e+00
2.463168609599081016e+00
-1.208624847067071428e+01
1.795267703303146334e+00
1.656782880533840929e+00
2.158553486863523219e+00
-1.289280273728665627e+01
-9.515528093428141432e+00
-4.597951686663656723e+00
1.685916186826243113e+00
-9.000293685235343233e+00
-8.799493028106650239e-02
-1.504212152869929930e+00
-3.008039394149195633e-01
1.640613710007301052e+00
-6.293561974907396106e+00
-6.227456709324640016e+00
1.728949894317903357e+00
2.887104851113877491e-01
-9.284388937036780476e+00
8.397849604147781477e+00
-1.465942962660789384e+00
-4.669829830013587646e+00
1.124353395666478850e+00
-9.985433766902794162e+00
-3.940866174489425333e+00
-1.004204139619898051e+01
6.733928231297332090e+00
1.223727190298912637e+00
-1.023222508545256382e+01
1.578549324548069954e+00
-2.612817942310980524e+00
-5.107197106149881094e+00
-4.672152392655259945e+00
3.364822003275556028e+00
-1.238600926706655159e+01
1.146535534559292913e+00
-6.741321315753418197e+00
3.039112235873655532e-01
2.492410832937974607e+00
1.734638616191269467e+00
2.174679891610996840e+00
2.085632982074038022e+00
-4.002853058655728269e+00
1.216576947070199477e+00
7.520158939819571842e+00
-8.122064477082142631e-01
-3.278562372266415892e+00
1.941555784066539614e+00
-1.044089566065666475e+01
8.266453818914071050e+00
6.157756278014874241e+00
-5.841237263286569892e+00
5.436126036130557893e+00
7.232812183023337838e+00
-2.564668405986262556e+00
-6.349426150500995902e+00
1.464024937256013903e+00
-1.254756943777440181e+00
-3.046311587455799774e+00
7.504296396735441910e+00
2.188732829121497137e+00
8.570638649157192646e+00
1.639636671592360040e+00
-8.231607215499582964e+00
-3.712560057482701126e-01
4.621889692835392083e+00
6.426526301157248433e+00
3.610960300275528612e-01
5.703576086874297957e+00
6.229740785346374210e+00
5.605759803659099205e+00
-9.860277443212890347e+00
-4.183088849503121764e+00
-4.758347820280468099e+00
-6.611256442133228717e+00
6.500546727351654397e+00
8.295523811082064825e+00
-1.239370714061801948e+01
7.946665245561269630e-01
-3.460239174210516300e+00
8.464481222748826639e+00
1.751669163213938285e+00
-8.348076149944050783e+00
-9.943565325986607917e+00
9.574083620615030377e-01
-5.958535650833951536e+00
1.278662341494192667e+00
1.610673434995645970e+00
-1.928126179729812595e+00
-3.587288701533098756e+00
-2.054216948758548433e+00
-1.224645697738573347e+01
